343 314 0 0
429 199 0 0
335 47 0 0
124 90 0 0
133 353 0 0
9 143 0 0
411 297 0 0
118 212 0 0
203 245 0 0
447 312 0 0
68 181 0 0
438 316 0 0
35 398 0 0
215 177 0 0
199 22 0 0
336 241 0 0
367 29 0 0
365 236 0 0
117 378 0 0
230 124 0 0
65 223 0 0
271 173 0 0
135 54 0 0
226 68 0 0
318 459 0 0
7 219 0 0
201 20 0 0
156 269 0 0
128 257 0 0
115 243 0 0
153 55 0 0
316 495 0 0
141 352 0 0
63 91 0 0
341 317 0 0
298 134 0 0
326 197 0 0
235 136 0 0
227 90 0 0
183 247 0 0
391 233 0 0
441 469 0 0
12 347 0 0
456 379 0 0
345 100 0 0
425 192 0 0
474 421 0 0
424 178 0 0
354 299 0 0
476 166 0 0
198 285 0 0
153 133 0 0
86 385 0 0
354 22 0 0
450 76 0 0
427 327 0 0
459 240 0 0
322 107 0 0
365 105 0 0
51 297 0 0
95 355 0 0
130 462 0 0
468 197 0 0
369 214 0 0
326 26 0 0
239 361 0 0
140 484 0 0
365 344 0 0
398 47 0 0
323 63 0 0
82 450 0 0
487 421 0 0
334 18 0 0
373 144 0 0
85 17 0 0
213 204 0 0
303 2 0 0
45 322 0 0
371 190 0 0
44 155 0 0
252 271 0 0
488 326 0 0
381 77 0 0
189 344 0 0
390 437 0 0
262 237 0 0
408 152 0 0
159 105 0 0
239 77 0 0
238 118 0 0
329 81 0 0
467 351 0 0
421 472 0 0
19 351 0 0
273 394 0 0
306 445 0 0
453 18 0 0
348 376 0 0
420 55 0 0
325 480 0 0
